[[], [1], [2], [3], [], [5], [], [], [8], []]
true
false
false
[[], [1], [2], [3], [], [5, 15], [], [], [8], []]
[[], [1], [2], [3], [], [5, 15, 25], [], [], [8], []]
[[], [1], [2], [3], [], [5, 15, 25, 35], [], [], [8], []]
[[], [1], [2], [3], [], [5, 15, 35], [], [], [8], []]
true
false
[[], [1], [2, 12], [3], [], [5, 15, 35], [], [], [8], []]
[[], [1], [2, 12, 22], [3], [], [5, 15, 35], [], [], [8], []]
[[], [1], [2, 12, 22], [3, 53], [], [5, 15, 35], [], [], [8], []]
true
false
true
[[], [1], [2, 12, 22], [3, 53], [], [5, 35], [], [], [8, 48], []]
[[], [1], [2, 12, 22], [53], [], [5, 35], [], [], [8, 48], []]
false
true